0	transitions	0	-10000.0
0	transitions	1	-0.0822695940732956
0	transitions	2	-1.4397392272949219
0	transitions	3	-10000.0
0	transitions	4	0.6599640846252441
0	transitions	5	0.8771176934242249
0	transitions	6	1.2149956226348877
0	transitions	7	1.6500357389450073
0	transitions	8	0.08263590186834335
0	transitions	9	-10000.0
0	embedding2nn.weight	0	0.009386546909809113
0	embedding2nn.weight	1	-0.03424710035324097
0	embedding2nn.weight	2	0.0037215992342680693
0	embedding2nn.weight	3	-0.023299571126699448
0	embedding2nn.weight	4	-0.021299919113516808
0	embedding2nn.weight	5	0.015672197565436363
0	embedding2nn.weight	6	0.024168964475393295
0	embedding2nn.weight	7	-0.028696637600660324
0	embedding2nn.weight	8	-0.022949565201997757
0	embedding2nn.weight	9	-0.025666529312729836
0	embedding2nn.bias	0	0.02545187808573246
0	embedding2nn.bias	1	-0.020759349688887596
0	embedding2nn.bias	2	-0.04150009900331497
0	embedding2nn.bias	3	-0.015966232866048813
0	embedding2nn.bias	4	0.02836630679666996
0	embedding2nn.bias	5	-0.021975651383399963
0	embedding2nn.bias	6	0.04205390438437462
0	embedding2nn.bias	7	0.0031923644710332155
0	embedding2nn.bias	8	-0.03364794701337814
0	embedding2nn.bias	9	-0.0031015046406537294
0	rnn.weight_ih_l0	0	0.0190675538033247
0	rnn.weight_ih_l0	1	0.012794166803359985
0	rnn.weight_ih_l0	2	-0.05486765503883362
0	rnn.weight_ih_l0	3	0.024535229429602623
0	rnn.weight_ih_l0	4	0.002887191018089652
0	rnn.weight_ih_l0	5	0.01873987354338169
0	rnn.weight_ih_l0	6	0.038394249975681305
0	rnn.weight_ih_l0	7	0.03354823216795921
0	rnn.weight_ih_l0	8	-0.023900575935840607
0	rnn.weight_ih_l0	9	-0.02490808069705963
0	rnn.weight_hh_l0	0	0.04392886161804199
0	rnn.weight_hh_l0	1	-0.06216377764940262
0	rnn.weight_hh_l0	2	0.003958794753998518
0	rnn.weight_hh_l0	3	0.028449291363358498
0	rnn.weight_hh_l0	4	-0.03863487020134926
0	rnn.weight_hh_l0	5	-0.03740294650197029
0	rnn.weight_hh_l0	6	0.039552707225084305
0	rnn.weight_hh_l0	7	0.015638887882232666
0	rnn.weight_hh_l0	8	-0.008769543841481209
0	rnn.weight_hh_l0	9	-0.05938520282506943
0	rnn.bias_ih_l0	0	0.027821142226457596
0	rnn.bias_ih_l0	1	-0.007459104992449284
0	rnn.bias_ih_l0	2	-0.018701624125242233
0	rnn.bias_ih_l0	3	-0.05607215687632561
0	rnn.bias_ih_l0	4	-0.022048471495509148
0	rnn.bias_ih_l0	5	-0.05331965908408165
0	rnn.bias_ih_l0	6	0.014682583510875702
0	rnn.bias_ih_l0	7	0.01246391050517559
0	rnn.bias_ih_l0	8	-0.018132446333765984
0	rnn.bias_ih_l0	9	0.03372028470039368
0	rnn.bias_hh_l0	0	0.027760405093431473
0	rnn.bias_hh_l0	1	-0.041021063923835754
0	rnn.bias_hh_l0	2	-0.02749072201550007
0	rnn.bias_hh_l0	3	0.0025584043469280005
0	rnn.bias_hh_l0	4	-0.011743788607418537
0	rnn.bias_hh_l0	5	-0.022170722484588623
0	rnn.bias_hh_l0	6	-0.05122901499271393
0	rnn.bias_hh_l0	7	0.0452381856739521
0	rnn.bias_hh_l0	8	0.03291625529527664
0	rnn.bias_hh_l0	9	-0.031319014728069305
0	rnn.weight_ih_l0_reverse	0	-0.024722104892134666
0	rnn.weight_ih_l0_reverse	1	0.051326993852853775
0	rnn.weight_ih_l0_reverse	2	0.014194120652973652
0	rnn.weight_ih_l0_reverse	3	0.05440859869122505
0	rnn.weight_ih_l0_reverse	4	-0.0019855492282658815
0	rnn.weight_ih_l0_reverse	5	-0.011890681460499763
0	rnn.weight_ih_l0_reverse	6	-0.002901892177760601
0	rnn.weight_ih_l0_reverse	7	0.04423162713646889
0	rnn.weight_ih_l0_reverse	8	-0.03250935673713684
0	rnn.weight_ih_l0_reverse	9	-0.01716036908328533
0	rnn.weight_hh_l0_reverse	0	-0.014164505526423454
0	rnn.weight_hh_l0_reverse	1	-0.018473675474524498
0	rnn.weight_hh_l0_reverse	2	0.05212045833468437
0	rnn.weight_hh_l0_reverse	3	-0.06078986078500748
0	rnn.weight_hh_l0_reverse	4	-0.05596169829368591
0	rnn.weight_hh_l0_reverse	5	-0.061858829110860825
0	rnn.weight_hh_l0_reverse	6	-0.00793820433318615
0	rnn.weight_hh_l0_reverse	7	0.008760928176343441
0	rnn.weight_hh_l0_reverse	8	0.05093415454030037
0	rnn.weight_hh_l0_reverse	9	-0.03978777676820755
0	rnn.bias_ih_l0_reverse	0	-0.02595166303217411
0	rnn.bias_ih_l0_reverse	1	0.012115277349948883
0	rnn.bias_ih_l0_reverse	2	-0.03492653742432594
0	rnn.bias_ih_l0_reverse	3	-0.06008424609899521
0	rnn.bias_ih_l0_reverse	4	-0.05635031312704086
0	rnn.bias_ih_l0_reverse	5	0.03440682217478752
0	rnn.bias_ih_l0_reverse	6	0.0412563718855381
0	rnn.bias_ih_l0_reverse	7	-0.0558026060461998
0	rnn.bias_ih_l0_reverse	8	0.05128780007362366
0	rnn.bias_ih_l0_reverse	9	-0.054763831198215485
0	rnn.bias_hh_l0_reverse	0	0.010279684327542782
0	rnn.bias_hh_l0_reverse	1	-0.011546513065695763
0	rnn.bias_hh_l0_reverse	2	0.04991619288921356
0	rnn.bias_hh_l0_reverse	3	-0.03377120569348335
0	rnn.bias_hh_l0_reverse	4	-0.029445070773363113
0	rnn.bias_hh_l0_reverse	5	-0.007412710227072239
0	rnn.bias_hh_l0_reverse	6	0.018023155629634857
0	rnn.bias_hh_l0_reverse	7	-0.02916776016354561
0	rnn.bias_hh_l0_reverse	8	0.040553975850343704
0	rnn.bias_hh_l0_reverse	9	0.03810339793562889
0	linear.weight	0	-0.024801239371299744
0	linear.weight	1	-0.017211588099598885
0	linear.weight	2	-0.041671816259622574
0	linear.weight	3	0.021222084760665894
0	linear.weight	4	-0.009714033454656601
0	linear.weight	5	-0.00564156286418438
0	linear.weight	6	-0.007216650992631912
0	linear.weight	7	0.01737443171441555
0	linear.weight	8	0.039778269827365875
0	linear.weight	9	-0.04238913953304291
0	linear.bias	0	0.028465013951063156
0	linear.bias	1	-0.018125953152775764
0	linear.bias	2	-0.08806353062391281
0	linear.bias	3	0.19672267138957977
0	linear.bias	4	-0.1267799735069275
24	transitions	0	-10000.0
24	transitions	1	-0.1406584531068802
24	transitions	2	-1.1107509136199951
24	transitions	3	-10000.0
24	transitions	4	0.5601199865341187
24	transitions	5	0.21695896983146667
24	transitions	6	0.6554556488990784
24	transitions	7	0.8905754089355469
24	transitions	8	0.7961114048957825
24	transitions	9	-10000.0
24	embedding2nn.weight	0	0.016804860904812813
24	embedding2nn.weight	1	-0.03476789593696594
24	embedding2nn.weight	2	0.004010983742773533
24	embedding2nn.weight	3	-0.020527604967355728
24	embedding2nn.weight	4	-0.028938045725226402
24	embedding2nn.weight	5	0.021394379436969757
24	embedding2nn.weight	6	0.02608664333820343
24	embedding2nn.weight	7	-0.026625631377100945
24	embedding2nn.weight	8	-0.02104879543185234
24	embedding2nn.weight	9	-0.02599451132118702
24	embedding2nn.bias	0	0.03411751240491867
24	embedding2nn.bias	1	-0.032476622611284256
24	embedding2nn.bias	2	-0.06566157937049866
24	embedding2nn.bias	3	-0.0400320366024971
24	embedding2nn.bias	4	0.03357156738638878
24	embedding2nn.bias	5	-0.028821026906371117
24	embedding2nn.bias	6	0.040472280234098434
24	embedding2nn.bias	7	-0.0037721239496022463
24	embedding2nn.bias	8	-0.0008570534992031753
24	embedding2nn.bias	9	0.015456125140190125
24	rnn.weight_ih_l0	0	0.019129376858472824
24	rnn.weight_ih_l0	1	0.01303092297166586
24	rnn.weight_ih_l0	2	-0.05494427680969238
24	rnn.weight_ih_l0	3	0.023849787190556526
24	rnn.weight_ih_l0	4	0.00196985830552876
24	rnn.weight_ih_l0	5	0.01869378052651882
24	rnn.weight_ih_l0	6	0.03861745074391365
24	rnn.weight_ih_l0	7	0.03437153995037079
24	rnn.weight_ih_l0	8	-0.02387823723256588
24	rnn.weight_ih_l0	9	-0.026336820796132088
24	rnn.weight_hh_l0	0	0.04403761029243469
24	rnn.weight_hh_l0	1	-0.06223081424832344
24	rnn.weight_hh_l0	2	0.006630470044910908
24	rnn.weight_hh_l0	3	0.028446145355701447
24	rnn.weight_hh_l0	4	-0.0391874723136425
24	rnn.weight_hh_l0	5	-0.037382565438747406
24	rnn.weight_hh_l0	6	0.03811664134263992
24	rnn.weight_hh_l0	7	0.01568594202399254
24	rnn.weight_hh_l0	8	-0.008700019679963589
24	rnn.weight_hh_l0	9	-0.06120041385293007
24	rnn.bias_ih_l0	0	0.028515644371509552
24	rnn.bias_ih_l0	1	-0.025588516145944595
24	rnn.bias_ih_l0	2	0.00975505169481039
24	rnn.bias_ih_l0	3	-0.05818750336766243
24	rnn.bias_ih_l0	4	-0.021642912179231644
24	rnn.bias_ih_l0	5	-0.0480707548558712
24	rnn.bias_ih_l0	6	0.015258308500051498
24	rnn.bias_ih_l0	7	0.013411078602075577
24	rnn.bias_ih_l0	8	-0.017109548673033714
24	rnn.bias_ih_l0	9	0.030602114275097847
24	rnn.bias_hh_l0	0	0.018322983756661415
24	rnn.bias_hh_l0	1	-0.04108882322907448
24	rnn.bias_hh_l0	2	-0.027528684586286545
24	rnn.bias_hh_l0	3	0.005007841158658266
24	rnn.bias_hh_l0	4	-0.005082288291305304
24	rnn.bias_hh_l0	5	-0.023846447467803955
24	rnn.bias_hh_l0	6	-0.05185157433152199
24	rnn.bias_hh_l0	7	0.04514344781637192
24	rnn.bias_hh_l0	8	0.014294433407485485
24	rnn.bias_hh_l0	9	-0.032525911927223206
24	rnn.weight_ih_l0_reverse	0	-0.024731725454330444
24	rnn.weight_ih_l0_reverse	1	0.05136726051568985
24	rnn.weight_ih_l0_reverse	2	0.014232062734663486
24	rnn.weight_ih_l0_reverse	3	0.0544205978512764
24	rnn.weight_ih_l0_reverse	4	-0.0023304931819438934
24	rnn.weight_ih_l0_reverse	5	-0.012071671895682812
24	rnn.weight_ih_l0_reverse	6	-0.0028770044445991516
24	rnn.weight_ih_l0_reverse	7	0.044414322823286057
24	rnn.weight_ih_l0_reverse	8	-0.032826993614435196
24	rnn.weight_ih_l0_reverse	9	-0.0171612910926342
24	rnn.weight_hh_l0_reverse	0	-0.014140686020255089
24	rnn.weight_hh_l0_reverse	1	-0.018450232222676277
24	rnn.weight_hh_l0_reverse	2	0.051850177347660065
24	rnn.weight_hh_l0_reverse	3	-0.06075666472315788
24	rnn.weight_hh_l0_reverse	4	-0.055984850972890854
24	rnn.weight_hh_l0_reverse	5	-0.05979010835289955
24	rnn.weight_hh_l0_reverse	6	-0.008153979666531086
24	rnn.weight_hh_l0_reverse	7	0.008672965690493584
24	rnn.weight_hh_l0_reverse	8	0.051065728068351746
24	rnn.weight_hh_l0_reverse	9	-0.03961606323719025
24	rnn.bias_ih_l0_reverse	0	-0.025455215945839882
24	rnn.bias_ih_l0_reverse	1	0.011712185107171535
24	rnn.bias_ih_l0_reverse	2	-0.050333403050899506
24	rnn.bias_ih_l0_reverse	3	-0.06072485074400902
24	rnn.bias_ih_l0_reverse	4	-0.05376620218157768
24	rnn.bias_ih_l0_reverse	5	0.033978693187236786
24	rnn.bias_ih_l0_reverse	6	0.042300205677747726
24	rnn.bias_ih_l0_reverse	7	-0.053671687841415405
24	rnn.bias_ih_l0_reverse	8	0.049890853464603424
24	rnn.bias_ih_l0_reverse	9	-0.053774602711200714
24	rnn.bias_hh_l0_reverse	0	0.01263884175568819
24	rnn.bias_hh_l0_reverse	1	-0.010912767611443996
24	rnn.bias_hh_l0_reverse	2	0.07388996332883835
24	rnn.bias_hh_l0_reverse	3	-0.028941955417394638
24	rnn.bias_hh_l0_reverse	4	-0.02947455644607544
24	rnn.bias_hh_l0_reverse	5	-0.0071517908945679665
24	rnn.bias_hh_l0_reverse	6	0.018397804349660873
24	rnn.bias_hh_l0_reverse	7	-0.02883354388177395
24	rnn.bias_hh_l0_reverse	8	0.041432593017816544
24	rnn.bias_hh_l0_reverse	9	0.03826170042157173
24	linear.weight	0	-0.024801239371299744
24	linear.weight	1	-0.017211588099598885
24	linear.weight	2	-0.0714745968580246
24	linear.weight	3	-0.017641112208366394
24	linear.weight	4	-0.009714033454656601
24	linear.weight	5	-0.015079853124916553
24	linear.weight	6	-0.03423621878027916
24	linear.weight	7	-0.007956266403198242
24	linear.weight	8	0.10080546885728836
24	linear.weight	9	-0.04238913953304291
24	linear.bias	0	0.028465013951063156
24	linear.bias	1	-0.018125953152775764
24	linear.bias	2	-0.9347414374351501
24	linear.bias	3	0.9244614839553833
24	linear.bias	4	-0.00783991813659668
48	transitions	0	-10000.0
48	transitions	1	-0.14537563920021057
48	transitions	2	-1.0269895792007446
48	transitions	3	-10000.0
48	transitions	4	0.5427173376083374
48	transitions	5	0.12574012577533722
48	transitions	6	0.34607994556427
48	transitions	7	0.775860607624054
48	transitions	8	1.1085432767868042
48	transitions	9	-10000.0
48	embedding2nn.weight	0	0.021741392090916634
48	embedding2nn.weight	1	-0.03362295776605606
48	embedding2nn.weight	2	0.003097867127507925
48	embedding2nn.weight	3	-0.0187818706035614
48	embedding2nn.weight	4	-0.0286652073264122
48	embedding2nn.weight	5	0.026560181751847267
48	embedding2nn.weight	6	0.02835545316338539
48	embedding2nn.weight	7	-0.027662605047225952
48	embedding2nn.weight	8	-0.022179236635565758
48	embedding2nn.weight	9	-0.022654743865132332
48	embedding2nn.bias	0	0.024789446964859962
48	embedding2nn.bias	1	-0.03261709213256836
48	embedding2nn.bias	2	-0.0720205307006836
48	embedding2nn.bias	3	-0.03102029860019684
48	embedding2nn.bias	4	0.021837756037712097
48	embedding2nn.bias	5	-0.027797607704997063
48	embedding2nn.bias	6	0.02702970989048481
48	embedding2nn.bias	7	0.005253363400697708
48	embedding2nn.bias	8	0.00417981157079339
48	embedding2nn.bias	9	0.012697858735918999
48	rnn.weight_ih_l0	0	0.018987221643328667
48	rnn.weight_ih_l0	1	0.012706027366220951
48	rnn.weight_ih_l0	2	-0.05494989827275276
48	rnn.weight_ih_l0	3	0.02337891422212124
48	rnn.weight_ih_l0	4	0.001701917964965105
48	rnn.weight_ih_l0	5	0.018667258322238922
48	rnn.weight_ih_l0	6	0.03842410072684288
48	rnn.weight_ih_l0	7	0.034008629620075226
48	rnn.weight_ih_l0	8	-0.023877238854765892
48	rnn.weight_ih_l0	9	-0.02620142139494419
48	rnn.weight_hh_l0	0	0.0440116710960865
48	rnn.weight_hh_l0	1	-0.06228819116950035
48	rnn.weight_hh_l0	2	0.0061829593032598495
48	rnn.weight_hh_l0	3	0.02832740545272827
48	rnn.weight_hh_l0	4	-0.03877171501517296
48	rnn.weight_hh_l0	5	-0.03737996518611908
48	rnn.weight_hh_l0	6	0.03743407875299454
48	rnn.weight_hh_l0	7	0.015683921054005623
48	rnn.weight_hh_l0	8	-0.007922999560832977
48	rnn.weight_hh_l0	9	-0.062053829431533813
48	rnn.bias_ih_l0	0	0.028252458199858665
48	rnn.bias_ih_l0	1	-0.027569841593503952
48	rnn.bias_ih_l0	2	0.012241638265550137
48	rnn.bias_ih_l0	3	-0.06051010265946388
48	rnn.bias_ih_l0	4	-0.022412125021219254
48	rnn.bias_ih_l0	5	-0.048676904290914536
48	rnn.bias_ih_l0	6	0.014976798556745052
48	rnn.bias_ih_l0	7	0.012836407870054245
48	rnn.bias_ih_l0	8	-0.017649002373218536
48	rnn.bias_ih_l0	9	0.029035283252596855
48	rnn.bias_hh_l0	0	0.015646710991859436
48	rnn.bias_hh_l0	1	-0.04077135771512985
48	rnn.bias_hh_l0	2	-0.027645209804177284
48	rnn.bias_hh_l0	3	0.005389552563428879
48	rnn.bias_hh_l0	4	-0.00799949374049902
48	rnn.bias_hh_l0	5	-0.018187830224633217
48	rnn.bias_hh_l0	6	-0.05172416940331459
48	rnn.bias_hh_l0	7	0.0443979874253273
48	rnn.bias_hh_l0	8	0.008711355738341808
48	rnn.bias_hh_l0	9	-0.033041615039110184
48	rnn.weight_ih_l0_reverse	0	-0.024666858837008476
48	rnn.weight_ih_l0_reverse	1	0.052323371171951294
48	rnn.weight_ih_l0_reverse	2	0.014229459688067436
48	rnn.weight_ih_l0_reverse	3	0.05446934327483177
48	rnn.weight_ih_l0_reverse	4	-0.002695715520530939
48	rnn.weight_ih_l0_reverse	5	-0.011911310255527496
48	rnn.weight_ih_l0_reverse	6	-0.003020934760570526
48	rnn.weight_ih_l0_reverse	7	0.044217441231012344
48	rnn.weight_ih_l0_reverse	8	-0.032210517674684525
48	rnn.weight_ih_l0_reverse	9	-0.0174134261906147
48	rnn.weight_hh_l0_reverse	0	-0.014139619655907154
48	rnn.weight_hh_l0_reverse	1	-0.018470123410224915
48	rnn.weight_hh_l0_reverse	2	0.051759231835603714
48	rnn.weight_hh_l0_reverse	3	-0.06102999672293663
48	rnn.weight_hh_l0_reverse	4	-0.05596926808357239
48	rnn.weight_hh_l0_reverse	5	-0.05905262753367424
48	rnn.weight_hh_l0_reverse	6	-0.00879170373082161
48	rnn.weight_hh_l0_reverse	7	0.008665772154927254
48	rnn.weight_hh_l0_reverse	8	0.05110074579715729
48	rnn.weight_hh_l0_reverse	9	-0.03926246240735054
48	rnn.bias_ih_l0_reverse	0	-0.0257642213255167
48	rnn.bias_ih_l0_reverse	1	0.01157462503761053
48	rnn.bias_ih_l0_reverse	2	-0.047259371727705
48	rnn.bias_ih_l0_reverse	3	-0.061628635972738266
48	rnn.bias_ih_l0_reverse	4	-0.05505306273698807
48	rnn.bias_ih_l0_reverse	5	0.033424120396375656
48	rnn.bias_ih_l0_reverse	6	0.04230576008558273
48	rnn.bias_ih_l0_reverse	7	-0.052927568554878235
48	rnn.bias_ih_l0_reverse	8	0.04932917654514313
48	rnn.bias_ih_l0_reverse	9	-0.054530125111341476
48	rnn.bias_hh_l0_reverse	0	0.011333952657878399
48	rnn.bias_hh_l0_reverse	1	-0.012222719378769398
48	rnn.bias_hh_l0_reverse	2	0.06907154619693756
48	rnn.bias_hh_l0_reverse	3	-0.02791471965610981
48	rnn.bias_hh_l0_reverse	4	-0.028707563877105713
48	rnn.bias_hh_l0_reverse	5	-0.007101691327989101
48	rnn.bias_hh_l0_reverse	6	0.017719494178891182
48	rnn.bias_hh_l0_reverse	7	-0.028867067769169807
48	rnn.bias_hh_l0_reverse	8	0.05038604140281677
48	rnn.bias_hh_l0_reverse	9	0.037779659032821655
48	linear.weight	0	-0.024801239371299744
48	linear.weight	1	-0.017211588099598885
48	linear.weight	2	-0.07390759885311127
48	linear.weight	3	-0.015728024765849113
48	linear.weight	4	-0.009714033454656601
48	linear.weight	5	-0.019226472824811935
48	linear.weight	6	0.012008209712803364
48	linear.weight	7	0.0016110368305817246
48	linear.weight	8	0.1135510802268982
48	linear.weight	9	-0.04238913953304291
48	linear.bias	0	0.028465013951063156
48	linear.bias	1	-0.018125953152775764
48	linear.bias	2	-1.0561150312423706
48	linear.bias	3	1.03462553024292
48	linear.bias	4	0.003367638448253274
72	transitions	0	-10000.0
72	transitions	1	-0.1485976278781891
72	transitions	2	-0.9690290093421936
72	transitions	3	-10000.0
72	transitions	4	0.5309315919876099
72	transitions	5	0.057740338146686554
72	transitions	6	0.22773224115371704
72	transitions	7	0.6946386694908142
72	transitions	8	1.094914436340332
72	transitions	9	-10000.0
72	embedding2nn.weight	0	0.02356797829270363
72	embedding2nn.weight	1	-0.036505911499261856
72	embedding2nn.weight	2	0.0023257043212652206
72	embedding2nn.weight	3	-0.017781468108296394
72	embedding2nn.weight	4	-0.03063729777932167
72	embedding2nn.weight	5	0.02978380396962166
72	embedding2nn.weight	6	0.028310058638453484
72	embedding2nn.weight	7	-0.02684045024216175
72	embedding2nn.weight	8	-0.023603670299053192
72	embedding2nn.weight	9	-0.02314845100045204
72	embedding2nn.bias	0	0.02916533499956131
72	embedding2nn.bias	1	-0.03679678961634636
72	embedding2nn.bias	2	-0.08963911235332489
72	embedding2nn.bias	3	-0.04174083098769188
72	embedding2nn.bias	4	0.011905607767403126
72	embedding2nn.bias	5	-0.02559998817741871
72	embedding2nn.bias	6	0.01637137681245804
72	embedding2nn.bias	7	0.017252091318368912
72	embedding2nn.bias	8	0.004718978889286518
72	embedding2nn.bias	9	0.008861965499818325
72	rnn.weight_ih_l0	0	0.01898687519133091
72	rnn.weight_ih_l0	1	0.013477325439453125
72	rnn.weight_ih_l0	2	-0.05507782846689224
72	rnn.weight_ih_l0	3	0.019389385357499123
72	rnn.weight_ih_l0	4	0.0016773599199950695
72	rnn.weight_ih_l0	5	0.01863485760986805
72	rnn.weight_ih_l0	6	0.03863494098186493
72	rnn.weight_ih_l0	7	0.03380453214049339
72	rnn.weight_ih_l0	8	-0.023912126198410988
72	rnn.weight_ih_l0	9	-0.02596343122422695
72	rnn.weight_hh_l0	0	0.043796125799417496
72	rnn.weight_hh_l0	1	-0.06198800727725029
72	rnn.weight_hh_l0	2	0.0056469496339559555
72	rnn.weight_hh_l0	3	0.027986939996480942
72	rnn.weight_hh_l0	4	-0.03896463289856911
72	rnn.weight_hh_l0	5	-0.03733671456575394
72	rnn.weight_hh_l0	6	0.037275854498147964
72	rnn.weight_hh_l0	7	0.015783464536070824
72	rnn.weight_hh_l0	8	-0.007890406996011734
72	rnn.weight_hh_l0	9	-0.06241508573293686
72	rnn.bias_ih_l0	0	0.028439247980713844
72	rnn.bias_ih_l0	1	-0.03187299892306328
72	rnn.bias_ih_l0	2	0.019372371956706047
72	rnn.bias_ih_l0	3	-0.0619347020983696
72	rnn.bias_ih_l0	4	-0.022881049662828445
72	rnn.bias_ih_l0	5	-0.04862802103161812
72	rnn.bias_ih_l0	6	0.01455104723572731
72	rnn.bias_ih_l0	7	0.012222077697515488
72	rnn.bias_ih_l0	8	-0.018530195578932762
72	rnn.bias_ih_l0	9	0.02674766257405281
72	rnn.bias_hh_l0	0	0.015919769182801247
72	rnn.bias_hh_l0	1	-0.040633149445056915
72	rnn.bias_hh_l0	2	-0.027841437608003616
72	rnn.bias_hh_l0	3	0.004308459814637899
72	rnn.bias_hh_l0	4	-0.007594554219394922
72	rnn.bias_hh_l0	5	-0.03349221870303154
72	rnn.bias_hh_l0	6	-0.05196068808436394
72	rnn.bias_hh_l0	7	0.04363878443837166
72	rnn.bias_hh_l0	8	0.010593850165605545
72	rnn.bias_hh_l0	9	-0.034307222813367844
72	rnn.weight_ih_l0_reverse	0	-0.02514033205807209
72	rnn.weight_ih_l0_reverse	1	0.05062789097428322
72	rnn.weight_ih_l0_reverse	2	0.014246080070734024
72	rnn.weight_ih_l0_reverse	3	0.05413728579878807
72	rnn.weight_ih_l0_reverse	4	-0.002823121380060911
72	rnn.weight_ih_l0_reverse	5	-0.01201601978391409
72	rnn.weight_ih_l0_reverse	6	-0.002991502406075597
72	rnn.weight_ih_l0_reverse	7	0.04386049509048462
72	rnn.weight_ih_l0_reverse	8	-0.03260289132595062
72	rnn.weight_ih_l0_reverse	9	-0.01735800690948963
72	rnn.weight_hh_l0_reverse	0	-0.014121047221124172
72	rnn.weight_hh_l0_reverse	1	-0.01845746673643589
72	rnn.weight_hh_l0_reverse	2	0.05178134888410568
72	rnn.weight_hh_l0_reverse	3	-0.061194512993097305
72	rnn.weight_hh_l0_reverse	4	-0.055977534502744675
72	rnn.weight_hh_l0_reverse	5	-0.057353951036930084
72	rnn.weight_hh_l0_reverse	6	-0.00891964789479971
72	rnn.weight_hh_l0_reverse	7	0.008659524843096733
72	rnn.weight_hh_l0_reverse	8	0.05128571018576622
72	rnn.weight_hh_l0_reverse	9	-0.03921781852841377
72	rnn.bias_ih_l0_reverse	0	-0.026817938312888145
72	rnn.bias_ih_l0_reverse	1	0.011481874622404575
72	rnn.bias_ih_l0_reverse	2	-0.04519553482532501
72	rnn.bias_ih_l0_reverse	3	-0.06260950863361359
72	rnn.bias_ih_l0_reverse	4	-0.05595462769269943
72	rnn.bias_ih_l0_reverse	5	0.03338371217250824
72	rnn.bias_ih_l0_reverse	6	0.04242650419473648
72	rnn.bias_ih_l0_reverse	7	-0.05228584632277489
72	rnn.bias_ih_l0_reverse	8	0.04878696799278259
72	rnn.bias_ih_l0_reverse	9	-0.05545385181903839
72	rnn.bias_hh_l0_reverse	0	0.009981422685086727
72	rnn.bias_hh_l0_reverse	1	-0.011838325299322605
72	rnn.bias_hh_l0_reverse	2	0.06751161813735962
72	rnn.bias_hh_l0_reverse	3	-0.023349368944764137
72	rnn.bias_hh_l0_reverse	4	-0.029856955632567406
72	rnn.bias_hh_l0_reverse	5	-0.0072715613059699535
72	rnn.bias_hh_l0_reverse	6	0.0173573549836874
72	rnn.bias_hh_l0_reverse	7	-0.02947477251291275
72	rnn.bias_hh_l0_reverse	8	0.052034828811883926
72	rnn.bias_hh_l0_reverse	9	0.037493057548999786
72	linear.weight	0	-0.024801239371299744
72	linear.weight	1	-0.017211588099598885
72	linear.weight	2	-0.0768522173166275
72	linear.weight	3	-0.004966413602232933
72	linear.weight	4	-0.009714033454656601
72	linear.weight	5	-0.019935987889766693
72	linear.weight	6	0.018156418576836586
72	linear.weight	7	0.008558765053749084
72	linear.weight	8	0.12094759941101074
72	linear.weight	9	-0.04238913953304291
72	linear.bias	0	0.028465013951063156
72	linear.bias	1	-0.018125953152775764
72	linear.bias	2	-1.1416109800338745
72	linear.bias	3	1.2287952899932861
72	linear.bias	4	-0.10530687123537064
96	transitions	0	-10000.0
96	transitions	1	-0.15139473974704742
96	transitions	2	-0.9286410808563232
96	transitions	3	-10000.0
96	transitions	4	0.5239399671554565
96	transitions	5	0.005254213232547045
96	transitions	6	0.14874860644340515
96	transitions	7	0.6353231072425842
96	transitions	8	1.1721587181091309
96	transitions	9	-10000.0
96	embedding2nn.weight	0	0.019802257418632507
96	embedding2nn.weight	1	-0.03772640973329544
96	embedding2nn.weight	2	-0.0012978129088878632
96	embedding2nn.weight	3	-0.018120121210813522
96	embedding2nn.weight	4	-0.03260314464569092
96	embedding2nn.weight	5	0.030853677541017532
96	embedding2nn.weight	6	0.02767018787562847
96	embedding2nn.weight	7	-0.024394871667027473
96	embedding2nn.weight	8	-0.025226285681128502
96	embedding2nn.weight	9	-0.02349284291267395
96	embedding2nn.bias	0	0.036790840327739716
96	embedding2nn.bias	1	-0.03928723186254501
96	embedding2nn.bias	2	-0.0854613184928894
96	embedding2nn.bias	3	-0.05116380751132965
96	embedding2nn.bias	4	0.017698997631669044
96	embedding2nn.bias	5	-0.029080331325531006
96	embedding2nn.bias	6	0.004421052988618612
96	embedding2nn.bias	7	0.01890651136636734
96	embedding2nn.bias	8	0.012515103444457054
96	embedding2nn.bias	9	0.010649348609149456
96	rnn.weight_ih_l0	0	0.01890566013753414
96	rnn.weight_ih_l0	1	0.01317097432911396
96	rnn.weight_ih_l0	2	-0.05502118542790413
96	rnn.weight_ih_l0	3	0.017998065799474716
96	rnn.weight_ih_l0	4	0.0007191317854449153
96	rnn.weight_ih_l0	5	0.018607474863529205
96	rnn.weight_ih_l0	6	0.039431069046258926
96	rnn.weight_ih_l0	7	0.03353850170969963
96	rnn.weight_ih_l0	8	-0.02399308606982231
96	rnn.weight_ih_l0	9	-0.02580353431403637
96	rnn.weight_hh_l0	0	0.04386795684695244
96	rnn.weight_hh_l0	1	-0.06192335486412048
96	rnn.weight_hh_l0	2	0.006654123775660992
96	rnn.weight_hh_l0	3	0.02785174548625946
96	rnn.weight_hh_l0	4	-0.03868994489312172
96	rnn.weight_hh_l0	5	-0.03731892630457878
96	rnn.weight_hh_l0	6	0.03718225657939911
96	rnn.weight_hh_l0	7	0.015827542170882225
96	rnn.weight_hh_l0	8	-0.007764972746372223
96	rnn.weight_hh_l0	9	-0.06302125006914139
96	rnn.bias_ih_l0	0	0.029961364343762398
96	rnn.bias_ih_l0	1	-0.048799533396959305
96	rnn.bias_ih_l0	2	0.027827486395835876
96	rnn.bias_ih_l0	3	-0.0664406344294548
96	rnn.bias_ih_l0	4	-0.022444119676947594
96	rnn.bias_ih_l0	5	-0.048932500183582306
96	rnn.bias_ih_l0	6	0.01405361108481884
96	rnn.bias_ih_l0	7	0.011746075935661793
96	rnn.bias_ih_l0	8	-0.019303971901535988
96	rnn.bias_ih_l0	9	0.028044015169143677
96	rnn.bias_hh_l0	0	0.013404153287410736
96	rnn.bias_hh_l0	1	-0.03929311782121658
96	rnn.bias_hh_l0	2	-0.028023023158311844
96	rnn.bias_hh_l0	3	0.0033948200289160013
96	rnn.bias_hh_l0	4	-0.005948125384747982
96	rnn.bias_hh_l0	5	-0.03708934038877487
96	rnn.bias_hh_l0	6	-0.052455369383096695
96	rnn.bias_hh_l0	7	0.04338312894105911
96	rnn.bias_hh_l0	8	0.014679204672574997
96	rnn.bias_hh_l0	9	-0.037550900131464005
96	rnn.weight_ih_l0_reverse	0	-0.025213630869984627
96	rnn.weight_ih_l0_reverse	1	0.05686645954847336
96	rnn.weight_ih_l0_reverse	2	0.014317222870886326
96	rnn.weight_ih_l0_reverse	3	0.05398191511631012
96	rnn.weight_ih_l0_reverse	4	-0.00287240999750793
96	rnn.weight_ih_l0_reverse	5	-0.0119750602170825
96	rnn.weight_ih_l0_reverse	6	-0.002899684477597475
96	rnn.weight_ih_l0_reverse	7	0.044047169387340546
96	rnn.weight_ih_l0_reverse	8	-0.03262824937701225
96	rnn.weight_ih_l0_reverse	9	-0.0172734335064888
96	rnn.weight_hh_l0_reverse	0	-0.014076701365411282
96	rnn.weight_hh_l0_reverse	1	-0.018460702151060104
96	rnn.weight_hh_l0_reverse	2	0.05168794095516205
96	rnn.weight_hh_l0_reverse	3	-0.060967788100242615
96	rnn.weight_hh_l0_reverse	4	-0.05589461699128151
96	rnn.weight_hh_l0_reverse	5	-0.055163219571113586
96	rnn.weight_hh_l0_reverse	6	-0.009018364362418652
96	rnn.weight_hh_l0_reverse	7	0.00871902797371149
96	rnn.weight_hh_l0_reverse	8	0.05126085504889488
96	rnn.weight_hh_l0_reverse	9	-0.038877520710229874
96	rnn.bias_ih_l0_reverse	0	-0.027351852506399155
96	rnn.bias_ih_l0_reverse	1	0.011558064259588718
96	rnn.bias_ih_l0_reverse	2	-0.04443958401679993
96	rnn.bias_ih_l0_reverse	3	-0.06456509977579117
96	rnn.bias_ih_l0_reverse	4	-0.05610745772719383
96	rnn.bias_ih_l0_reverse	5	0.03309788927435875
96	rnn.bias_ih_l0_reverse	6	0.04273829981684685
96	rnn.bias_ih_l0_reverse	7	-0.05302659794688225
96	rnn.bias_ih_l0_reverse	8	0.047682926058769226
96	rnn.bias_ih_l0_reverse	9	-0.05526503548026085
96	rnn.bias_hh_l0_reverse	0	0.010088572278618813
96	rnn.bias_hh_l0_reverse	1	-0.011635961942374706
96	rnn.bias_hh_l0_reverse	2	0.08158644288778305
96	rnn.bias_hh_l0_reverse	3	-0.0268238615244627
96	rnn.bias_hh_l0_reverse	4	-0.030155831947922707
96	rnn.bias_hh_l0_reverse	5	-0.007261648774147034
96	rnn.bias_hh_l0_reverse	6	0.017316909506917
96	rnn.bias_hh_l0_reverse	7	-0.02997419610619545
96	rnn.bias_hh_l0_reverse	8	0.050489719957113266
96	rnn.bias_hh_l0_reverse	9	0.037405163049697876
96	linear.weight	0	-0.024801239371299744
96	linear.weight	1	-0.017211588099598885
96	linear.weight	2	-0.07918211817741394
96	linear.weight	3	0.013931495137512684
96	linear.weight	4	-0.009714033454656601
96	linear.weight	5	-0.020375890657305717
96	linear.weight	6	0.015111684799194336
96	linear.weight	7	0.003908662591129541
96	linear.weight	8	0.1282443255186081
96	linear.weight	9	-0.04238913953304291
96	linear.bias	0	0.028465013951063156
96	linear.bias	1	-0.018125953152775764
96	linear.bias	2	-1.20442795753479
96	linear.bias	3	1.2616350650787354
96	linear.bias	4	-0.07533499598503113
120	transitions	0	-10000.0
120	transitions	1	-0.15391932427883148
120	transitions	2	-0.887295663356781
120	transitions	3	-10000.0
120	transitions	4	0.5141842365264893
120	transitions	5	-0.04994841665029526
120	transitions	6	0.09956849366426468
120	transitions	7	0.5701563358306885
120	transitions	8	1.1724491119384766
120	transitions	9	-10000.0
120	embedding2nn.weight	0	0.023070748895406723
120	embedding2nn.weight	1	-0.03426550701260567
120	embedding2nn.weight	2	-0.002076013945043087
120	embedding2nn.weight	3	-0.0122944051399827
120	embedding2nn.weight	4	-0.03325263410806656
120	embedding2nn.weight	5	0.030373001471161842
120	embedding2nn.weight	6	0.027826162055134773
120	embedding2nn.weight	7	-0.025384947657585144
120	embedding2nn.weight	8	-0.029353542253375053
120	embedding2nn.weight	9	-0.026207052171230316
120	embedding2nn.bias	0	0.045052897185087204
120	embedding2nn.bias	1	-0.043521128594875336
120	embedding2nn.bias	2	-0.0808875784277916
120	embedding2nn.bias	3	-0.04654011130332947
120	embedding2nn.bias	4	0.009838530793786049
120	embedding2nn.bias	5	-0.027526291087269783
120	embedding2nn.bias	6	0.0008514719665981829
120	embedding2nn.bias	7	0.021961575374007225
120	embedding2nn.bias	8	0.007200427819043398
120	embedding2nn.bias	9	-0.00011054731294279918
120	rnn.weight_ih_l0	0	0.01879305951297283
120	rnn.weight_ih_l0	1	0.012853838503360748
120	rnn.weight_ih_l0	2	-0.05479739233851433
120	rnn.weight_ih_l0	3	0.01799747347831726
120	rnn.weight_ih_l0	4	0.0027502630837261677
120	rnn.weight_ih_l0	5	0.01841999962925911
120	rnn.weight_ih_l0	6	0.039734624326229095
120	rnn.weight_ih_l0	7	0.03452110290527344
120	rnn.weight_ih_l0	8	-0.024112896993756294
120	rnn.weight_ih_l0	9	-0.026136336848139763
120	rnn.weight_hh_l0	0	0.04378383606672287
120	rnn.weight_hh_l0	1	-0.06185780093073845
120	rnn.weight_hh_l0	2	0.006723498459905386
120	rnn.weight_hh_l0	3	0.027431927621364594
120	rnn.weight_hh_l0	4	-0.03846924751996994
120	rnn.weight_hh_l0	5	-0.03731118142604828
120	rnn.weight_hh_l0	6	0.037212762981653214
120	rnn.weight_hh_l0	7	0.01581556163728237
120	rnn.weight_hh_l0	8	-0.007097179535776377
120	rnn.weight_hh_l0	9	-0.06423851102590561
120	rnn.bias_ih_l0	0	0.027751149609684944
120	rnn.bias_ih_l0	1	-0.03394347429275513
120	rnn.bias_ih_l0	2	0.03390456736087799
120	rnn.bias_ih_l0	3	-0.06957917660474777
120	rnn.bias_ih_l0	4	-0.021593619138002396
120	rnn.bias_ih_l0	5	-0.05249807983636856
120	rnn.bias_ih_l0	6	0.013247939758002758
120	rnn.bias_ih_l0	7	0.011124595068395138
120	rnn.bias_ih_l0	8	-0.02015111781656742
120	rnn.bias_ih_l0	9	0.02542247623205185
120	rnn.bias_hh_l0	0	0.012793154455721378
120	rnn.bias_hh_l0	1	-0.04254097491502762
120	rnn.bias_hh_l0	2	-0.028177494183182716
120	rnn.bias_hh_l0	3	0.0029160366393625736
120	rnn.bias_hh_l0	4	0.0004608426825143397
120	rnn.bias_hh_l0	5	-0.01847136579453945
120	rnn.bias_hh_l0	6	-0.05214207246899605
120	rnn.bias_hh_l0	7	0.04295695200562477
120	rnn.bias_hh_l0	8	0.014700551517307758
120	rnn.bias_hh_l0	9	-0.03864924609661102
120	rnn.weight_ih_l0_reverse	0	-0.025256816297769547
120	rnn.weight_ih_l0_reverse	1	0.0602269172668457
120	rnn.weight_ih_l0_reverse	2	0.014324448071420193
120	rnn.weight_ih_l0_reverse	3	0.053809650242328644
120	rnn.weight_ih_l0_reverse	4	-0.0031887926161289215
120	rnn.weight_ih_l0_reverse	5	-0.012043562717735767
120	rnn.weight_ih_l0_reverse	6	-0.0028471690602600574
120	rnn.weight_ih_l0_reverse	7	0.04361395910382271
120	rnn.weight_ih_l0_reverse	8	-0.0316544733941555
120	rnn.weight_ih_l0_reverse	9	-0.017278920859098434
120	rnn.weight_hh_l0_reverse	0	-0.014060006476938725
120	rnn.weight_hh_l0_reverse	1	-0.018464911729097366
120	rnn.weight_hh_l0_reverse	2	0.0515410453081131
120	rnn.weight_hh_l0_reverse	3	-0.061171237379312515
120	rnn.weight_hh_l0_reverse	4	-0.05576310306787491
120	rnn.weight_hh_l0_reverse	5	-0.05371273681521416
120	rnn.weight_hh_l0_reverse	6	-0.009416102431714535
120	rnn.weight_hh_l0_reverse	7	0.00875095184892416
120	rnn.weight_hh_l0_reverse	8	0.05129343271255493
120	rnn.weight_hh_l0_reverse	9	-0.038224440068006516
120	rnn.bias_ih_l0_reverse	0	-0.027050506323575974
120	rnn.bias_ih_l0_reverse	1	0.011245938017964363
120	rnn.bias_ih_l0_reverse	2	-0.044951729476451874
120	rnn.bias_ih_l0_reverse	3	-0.06573496013879776
120	rnn.bias_ih_l0_reverse	4	-0.0577021986246109
120	rnn.bias_ih_l0_reverse	5	0.032797135412693024
120	rnn.bias_ih_l0_reverse	6	0.04073818027973175
120	rnn.bias_ih_l0_reverse	7	-0.05388868227601051
120	rnn.bias_ih_l0_reverse	8	0.046678997576236725
120	rnn.bias_ih_l0_reverse	9	-0.05544225871562958
120	rnn.bias_hh_l0_reverse	0	0.01074634026736021
120	rnn.bias_hh_l0_reverse	1	-0.013589998707175255
120	rnn.bias_hh_l0_reverse	2	0.0607188455760479
120	rnn.bias_hh_l0_reverse	3	-0.02747422829270363
120	rnn.bias_hh_l0_reverse	4	-0.02974320389330387
120	rnn.bias_hh_l0_reverse	5	-0.00742290448397398
120	rnn.bias_hh_l0_reverse	6	0.017098912969231606
120	rnn.bias_hh_l0_reverse	7	-0.03033202327787876
120	rnn.bias_hh_l0_reverse	8	0.05217861384153366
120	rnn.bias_hh_l0_reverse	9	0.037258829921483994
120	linear.weight	0	-0.024801239371299744
120	linear.weight	1	-0.017211588099598885
120	linear.weight	2	-0.08006420731544495
120	linear.weight	3	-0.0011659363517537713
120	linear.weight	4	-0.009714033454656601
120	linear.weight	5	-0.019347447901964188
120	linear.weight	6	0.017847059294581413
120	linear.weight	7	0.01676831766963005
120	linear.weight	8	0.1349373310804367
120	linear.weight	9	-0.04238913953304291
120	linear.bias	0	0.028465013951063156
120	linear.bias	1	-0.018125953152775764
120	linear.bias	2	-1.2730449438095093
120	linear.bias	3	1.3486295938491821
120	linear.bias	4	-0.09371383488178253
144	transitions	0	-10000.0
144	transitions	1	-0.15637777745723724
144	transitions	2	-0.8485879302024841
144	transitions	3	-10000.0
144	transitions	4	0.5062142610549927
144	transitions	5	-0.10745906084775925
144	transitions	6	0.05319225788116455
144	transitions	7	0.5043346881866455
144	transitions	8	1.2177611589431763
144	transitions	9	-10000.0
144	embedding2nn.weight	0	0.02409924380481243
144	embedding2nn.weight	1	-0.03560112416744232
144	embedding2nn.weight	2	-0.005958679597824812
144	embedding2nn.weight	3	-0.012610958889126778
144	embedding2nn.weight	4	-0.029127098619937897
144	embedding2nn.weight	5	0.029589446261525154
144	embedding2nn.weight	6	0.027446376159787178
144	embedding2nn.weight	7	-0.02320196107029915
144	embedding2nn.weight	8	-0.030154552310705185
144	embedding2nn.weight	9	-0.023784376680850983
144	embedding2nn.bias	0	0.050276126712560654
144	embedding2nn.bias	1	-0.049101781100034714
144	embedding2nn.bias	2	-0.09781232476234436
144	embedding2nn.bias	3	-0.05166144669055939
144	embedding2nn.bias	4	0.01511444989591837
144	embedding2nn.bias	5	-0.03164217248558998
144	embedding2nn.bias	6	-0.00782916508615017
144	embedding2nn.bias	7	0.03358418494462967
144	embedding2nn.bias	8	0.023080876097083092
144	embedding2nn.bias	9	-0.004648213740438223
144	rnn.weight_ih_l0	0	0.018757974728941917
144	rnn.weight_ih_l0	1	0.012657268904149532
144	rnn.weight_ih_l0	2	-0.05470588430762291
144	rnn.weight_ih_l0	3	0.016528945416212082
144	rnn.weight_ih_l0	4	0.0056749130599200726
144	rnn.weight_ih_l0	5	0.0184596236795187
144	rnn.weight_ih_l0	6	0.03834639862179756
144	rnn.weight_ih_l0	7	0.03439768776297569
144	rnn.weight_ih_l0	8	-0.02412204071879387
144	rnn.weight_ih_l0	9	-0.026295261457562447
144	rnn.weight_hh_l0	0	0.04372265189886093
144	rnn.weight_hh_l0	1	-0.061863772571086884
144	rnn.weight_hh_l0	2	0.0072792605496943
144	rnn.weight_hh_l0	3	0.027262866497039795
144	rnn.weight_hh_l0	4	-0.03873820975422859
144	rnn.weight_hh_l0	5	-0.037322383373975754
144	rnn.weight_hh_l0	6	0.037094712257385254
144	rnn.weight_hh_l0	7	0.015807468444108963
144	rnn.weight_hh_l0	8	-0.006733934860676527
144	rnn.weight_hh_l0	9	-0.06439967453479767
144	rnn.bias_ih_l0	0	0.02709757722914219
144	rnn.bias_ih_l0	1	-0.037753134965896606
144	rnn.bias_ih_l0	2	0.0408807098865509
144	rnn.bias_ih_l0	3	-0.06926670670509338
144	rnn.bias_ih_l0	4	-0.021551288664340973
144	rnn.bias_ih_l0	5	-0.0535944402217865
144	rnn.bias_ih_l0	6	0.01256420649588108
144	rnn.bias_ih_l0	7	0.011225872673094273
144	rnn.bias_ih_l0	8	-0.018480811268091202
144	rnn.bias_ih_l0	9	0.02874074876308441
144	rnn.bias_hh_l0	0	0.009640024974942207
144	rnn.bias_hh_l0	1	-0.042544107884168625
144	rnn.bias_hh_l0	2	-0.027988912537693977
144	rnn.bias_hh_l0	3	0.002304854802787304
144	rnn.bias_hh_l0	4	-0.0018746608402580023
144	rnn.bias_hh_l0	5	0.0015987249789759517
144	rnn.bias_hh_l0	6	-0.052341703325510025
144	rnn.bias_hh_l0	7	0.04138799011707306
144	rnn.bias_hh_l0	8	0.017283180728554726
144	rnn.bias_hh_l0	9	-0.04966708645224571
144	rnn.weight_ih_l0_reverse	0	-0.02483454905450344
144	rnn.weight_ih_l0_reverse	1	0.05685502663254738
144	rnn.weight_ih_l0_reverse	2	0.01430115569382906
144	rnn.weight_ih_l0_reverse	3	0.05351300165057182
144	rnn.weight_ih_l0_reverse	4	-0.0032695671543478966
144	rnn.weight_ih_l0_reverse	5	-0.011742621660232544
144	rnn.weight_ih_l0_reverse	6	-0.0032639987766742706
144	rnn.weight_ih_l0_reverse	7	0.04424234479665756
144	rnn.weight_ih_l0_reverse	8	-0.03163697198033333
144	rnn.weight_ih_l0_reverse	9	-0.017207030206918716
144	rnn.weight_hh_l0_reverse	0	-0.01408168114721775
144	rnn.weight_hh_l0_reverse	1	-0.018467068672180176
144	rnn.weight_hh_l0_reverse	2	0.051842790096998215
144	rnn.weight_hh_l0_reverse	3	-0.06132073700428009
144	rnn.weight_hh_l0_reverse	4	-0.05579041317105293
144	rnn.weight_hh_l0_reverse	5	-0.051933400332927704
144	rnn.weight_hh_l0_reverse	6	-0.009552834555506706
144	rnn.weight_hh_l0_reverse	7	0.008694764226675034
144	rnn.weight_hh_l0_reverse	8	0.051219962537288666
144	rnn.weight_hh_l0_reverse	9	-0.03776874765753746
144	rnn.bias_ih_l0_reverse	0	-0.027471788227558136
144	rnn.bias_ih_l0_reverse	1	0.011244622059166431
144	rnn.bias_ih_l0_reverse	2	-0.04537380486726761
144	rnn.bias_ih_l0_reverse	3	-0.06551675498485565
144	rnn.bias_ih_l0_reverse	4	-0.059982456266880035
144	rnn.bias_ih_l0_reverse	5	0.03342065587639809
144	rnn.bias_ih_l0_reverse	6	0.040923938155174255
144	rnn.bias_ih_l0_reverse	7	-0.054214224219322205
144	rnn.bias_ih_l0_reverse	8	0.04726560786366463
144	rnn.bias_ih_l0_reverse	9	-0.05590125173330307
144	rnn.bias_hh_l0_reverse	0	0.009353178553283215
144	rnn.bias_hh_l0_reverse	1	-0.012945622205734253
144	rnn.bias_hh_l0_reverse	2	0.042711541056632996
144	rnn.bias_hh_l0_reverse	3	-0.027066819369792938
144	rnn.bias_hh_l0_reverse	4	-0.030005689710378647
144	rnn.bias_hh_l0_reverse	5	-0.00750199006870389
144	rnn.bias_hh_l0_reverse	6	0.016987912356853485
144	rnn.bias_hh_l0_reverse	7	-0.030287815257906914
144	rnn.bias_hh_l0_reverse	8	0.053923897445201874
144	rnn.bias_hh_l0_reverse	9	0.03719766065478325
144	linear.weight	0	-0.024801239371299744
144	linear.weight	1	-0.017211588099598885
144	linear.weight	2	-0.07982635498046875
144	linear.weight	3	-0.0002055336080957204
144	linear.weight	4	-0.009714033454656601
144	linear.weight	5	-0.01896047778427601
144	linear.weight	6	0.031581852585077286
144	linear.weight	7	0.014711597003042698
144	linear.weight	8	0.13874350488185883
144	linear.weight	9	-0.04238913953304291
144	linear.bias	0	0.028465013951063156
144	linear.bias	1	-0.018125953152775764
144	linear.bias	2	-1.342132329940796
144	linear.bias	3	1.4121334552764893
144	linear.bias	4	-0.08813084661960602
168	transitions	0	-10000.0
168	transitions	1	-0.15798738598823547
168	transitions	2	-0.8298882246017456
168	transitions	3	-10000.0
168	transitions	4	0.4992086589336395
168	transitions	5	-0.14731311798095703
168	transitions	6	0.051465243101119995
168	transitions	7	0.45761168003082275
168	transitions	8	1.1778420209884644
168	transitions	9	-10000.0
168	embedding2nn.weight	0	0.025858944281935692
168	embedding2nn.weight	1	-0.036646973341703415
168	embedding2nn.weight	2	-0.0029668589122593403
168	embedding2nn.weight	3	-0.012736636213958263
168	embedding2nn.weight	4	-0.031385671347379684
168	embedding2nn.weight	5	0.030613940209150314
168	embedding2nn.weight	6	0.02683066390454769
168	embedding2nn.weight	7	-0.024623000994324684
168	embedding2nn.weight	8	-0.03197439759969711
168	embedding2nn.weight	9	-0.022524463012814522
168	embedding2nn.bias	0	0.050039928406476974
168	embedding2nn.bias	1	-0.05439328774809837
168	embedding2nn.bias	2	-0.09833250939846039
168	embedding2nn.bias	3	-0.043202899396419525
168	embedding2nn.bias	4	0.010961289517581463
168	embedding2nn.bias	5	-0.023473596200346947
168	embedding2nn.bias	6	-0.006050084717571735
168	embedding2nn.bias	7	0.03322971984744072
168	embedding2nn.bias	8	0.02759716287255287
168	embedding2nn.bias	9	0.005609001033008099
168	rnn.weight_ih_l0	0	0.01865534484386444
168	rnn.weight_ih_l0	1	0.01280871219933033
168	rnn.weight_ih_l0	2	-0.054824039340019226
168	rnn.weight_ih_l0	3	0.016059359535574913
168	rnn.weight_ih_l0	4	0.006129411049187183
168	rnn.weight_ih_l0	5	0.01844644919037819
168	rnn.weight_ih_l0	6	0.03871867060661316
168	rnn.weight_ih_l0	7	0.034547194838523865
168	rnn.weight_ih_l0	8	-0.02411286160349846
168	rnn.weight_ih_l0	9	-0.027311615645885468
168	rnn.weight_hh_l0	0	0.04374700039625168
168	rnn.weight_hh_l0	1	-0.06184088811278343
168	rnn.weight_hh_l0	2	0.0060952203348279
168	rnn.weight_hh_l0	3	0.027108604088425636
168	rnn.weight_hh_l0	4	-0.039529986679553986
168	rnn.weight_hh_l0	5	-0.037351250648498535
168	rnn.weight_hh_l0	6	0.0371302030980587
168	rnn.weight_hh_l0	7	0.015859784558415413
168	rnn.weight_hh_l0	8	-0.007899816147983074
168	rnn.weight_hh_l0	9	-0.06427987664937973
168	rnn.bias_ih_l0	0	0.02767295576632023
168	rnn.bias_ih_l0	1	-0.03173394501209259
168	rnn.bias_ih_l0	2	0.044320832937955856
168	rnn.bias_ih_l0	3	-0.0702945739030838
168	rnn.bias_ih_l0	4	-0.021933531388640404
168	rnn.bias_ih_l0	5	-0.054967883974313736
168	rnn.bias_ih_l0	6	0.012365051545202732
168	rnn.bias_ih_l0	7	0.01054377667605877
168	rnn.bias_ih_l0	8	-0.02174774371087551
168	rnn.bias_ih_l0	9	0.029889939352869987
168	rnn.bias_hh_l0	0	0.012369846925139427
168	rnn.bias_hh_l0	1	-0.04222767427563667
168	rnn.bias_hh_l0	2	-0.02822967991232872
168	rnn.bias_hh_l0	3	0.0018878885312005877
168	rnn.bias_hh_l0	4	0.007169007323682308
168	rnn.bias_hh_l0	5	-0.013243763707578182
168	rnn.bias_hh_l0	6	-0.0524582713842392
168	rnn.bias_hh_l0	7	0.04069886729121208
168	rnn.bias_hh_l0	8	0.01776561699807644
168	rnn.bias_hh_l0	9	-0.05345289781689644
168	rnn.weight_ih_l0_reverse	0	-0.024719366803765297
168	rnn.weight_ih_l0_reverse	1	0.059790413826704025
168	rnn.weight_ih_l0_reverse	2	0.014182082377374172
168	rnn.weight_ih_l0_reverse	3	0.05339238792657852
168	rnn.weight_ih_l0_reverse	4	-0.0026000842917710543
168	rnn.weight_ih_l0_reverse	5	-0.011876399628818035
168	rnn.weight_ih_l0_reverse	6	-0.0031187497079372406
168	rnn.weight_ih_l0_reverse	7	0.04378123953938484
168	rnn.weight_ih_l0_reverse	8	-0.03171975165605545
168	rnn.weight_ih_l0_reverse	9	-0.017405236139893532
168	rnn.weight_hh_l0_reverse	0	-0.014086378738284111
168	rnn.weight_hh_l0_reverse	1	-0.018468108028173447
168	rnn.weight_hh_l0_reverse	2	0.05187985673546791
168	rnn.weight_hh_l0_reverse	3	-0.061692800372838974
168	rnn.weight_hh_l0_reverse	4	-0.0556819848716259
168	rnn.weight_hh_l0_reverse	5	-0.051065560430288315
168	rnn.weight_hh_l0_reverse	6	-0.009696032851934433
168	rnn.weight_hh_l0_reverse	7	0.008683448657393456
168	rnn.weight_hh_l0_reverse	8	0.051320042461156845
168	rnn.weight_hh_l0_reverse	9	-0.03714708238840103
168	rnn.bias_ih_l0_reverse	0	-0.027545981109142303
168	rnn.bias_ih_l0_reverse	1	0.010986116714775562
168	rnn.bias_ih_l0_reverse	2	-0.046770717948675156
168	rnn.bias_ih_l0_reverse	3	-0.06576285511255264
168	rnn.bias_ih_l0_reverse	4	-0.06058071553707123
168	rnn.bias_ih_l0_reverse	5	0.03367237001657486
168	rnn.bias_ih_l0_reverse	6	0.04017018899321556
168	rnn.bias_ih_l0_reverse	7	-0.05418191850185394
168	rnn.bias_ih_l0_reverse	8	0.04629339650273323
168	rnn.bias_ih_l0_reverse	9	-0.05622154101729393
168	rnn.bias_hh_l0_reverse	0	0.009406444616615772
168	rnn.bias_hh_l0_reverse	1	-0.0122864143922925
168	rnn.bias_hh_l0_reverse	2	0.0477021187543869
168	rnn.bias_hh_l0_reverse	3	-0.02586350589990616
168	rnn.bias_hh_l0_reverse	4	-0.029409386217594147
168	rnn.bias_hh_l0_reverse	5	-0.007564646657556295
168	rnn.bias_hh_l0_reverse	6	0.016819478943943977
168	rnn.bias_hh_l0_reverse	7	-0.030233578756451607
168	rnn.bias_hh_l0_reverse	8	0.054825782775878906
168	rnn.bias_hh_l0_reverse	9	0.03643833473324776
168	linear.weight	0	-0.024801239371299744
168	linear.weight	1	-0.017211588099598885
168	linear.weight	2	-0.07944544404745102
168	linear.weight	3	-0.001479844213463366
168	linear.weight	4	-0.009714033454656601
168	linear.weight	5	-0.018586060032248497
168	linear.weight	6	0.04697678983211517
168	linear.weight	7	0.00883775856345892
168	linear.weight	8	0.1409529447555542
168	linear.weight	9	-0.04238913953304291
168	linear.bias	0	0.028465013951063156
168	linear.bias	1	-0.018125953152775764
168	linear.bias	2	-1.3911361694335938
168	linear.bias	3	1.4360605478286743
168	linear.bias	4	-0.06305491179227829
